920
203
273
758
481
542
805
482
594
16
683
160
695
611
257
496
266
901
72
517
155
855
922
434
571
174
397
403
337
488
689
438
585
753
127
426
786
7
611
863
711
451
155
150
960
793
960
729
810
881
908
886
108
495
524
537
883
551
529
648
464
518
234
299
97
821
404
667
390
599
268
457
420
717
468
626
527
256
252
970
611
623
531
448
756
713
183
721
439
981
473
15
153
688
116
330
238
175
223
775
828
901
57
385
481
496
149
37
83
519
230
51
63
838
765
690
203
230
304
490
760
166
77
152
42
503
480
61
778
470
881
360
470
163
745
230
639
746
599
71
683
839
782
266
772
824
841
108
385
429
