7
15
16
37
42
51
57
61
63
71
72
77
83
97
108
108
116
127
149
150
152
153
155
155
160
163
166
174
175
183
203
203
223
230
230
230
234
238
252
256
257
266
266
268
273
299
304
330
337
360
385
385
390
397
403
404
420
426
429
434
438
439
448
451
457
464
468
470
470
473
480
481
481
482
488
490
495
496
496
503
517
518
519
524
527
529
531
537
542
551
571
585
594
599
599
611
611
611
623
626
639
648
667
683
683
688
689
690
695
711
713
717
721
729
745
746
753
756
758
760
765
772
775
778
782
786
793
805
810
821
824
828
838
839
841
855
863
881
881
883
886
901
901
908
920
922
960
960
970
981
